1779
2662
1288
2336
3868
1969
2875
923
1683
3751
1197
2408
1230
2918
2171
11
1409
379
1784
1527
1287
2915
110
194
2424
2716
2463
1293
1873
736
223
1556
1394
3633
551
1747
2313
594
165
2987
2174
2398
539
1266
3176
269
1073
2942
3259
969
2872
2677
2956
1792
1125
3362
3712
1221
1204
1127
3359
2249
2146
3363
1676
3556
2959
69
1885
3698
2648
3153
3499
266
3702
111
2403
2782
1097
555
260
2858
2939
1690
3030
2058
759
3696
405
3396
3219
1894
1307
2133
1037
1196
2259
1299
1669
3060
2312
3168
2006
1348
2891
1342
213
1185
1754
70
21
1201
1077
2161
799
293
3527
955
653
2694
1104
2572
2528
1373
1380
1917
1594
46
1333
2788
3448
3707
2988
1952
1028
3618
3632
1611
2117
1641
1912
3044
2734
3477
1294
2901
3745
1866
1689
132
3946
1769
231
2384
2208
3102
2087
1939
2105
592
3535
1580
1210
1007
1345
454
442
1199
1029
3730
3334
3667
419
380
912
1222
3755
1974
1257
2156
2692
2065
1441
466
2311
3438
1391
2700
1997
608
2005
2804
93
1339
2000
32
2504
494
924
1686
1301
3697
3238
804
1059
3271
1411
1388
2385
1466
2033
2688
2321
2359
2762
2517
3550
1223
1246
750
2416
436
1231
1276
1247
1215
34
2640
25
788
2917
1304
3175
1663
2521
1258
1083
2050
3949
2671
3034
1882
1699
3461
2379
1128
1022
3052
1959
1415
3319
780
3392
2641
3039
2724
356
2668
1
589
2666
1649
3133
913
237
798
1179
1033
2792
2454
2985
3811
1320
1356
349
2690
3947
1292
1096
66
185
1960
2348
1358
1619
1043
3920
3108
597
1994
2353
3098
1271
367
2524
1291
1408
3471
1674
2761
1089
2747
3160
47
150
247
3812
1079
903
661
3129
2702
2301
2621
3255
2443
3546
2291
1374
374
1261
3573
3591
3247
2262
2822
1321
342
3479
1476
2710
3223
1552
960
2771
1088
1746
2246
3857
2731
292
1904
1688
2527
1517
1244
908
1918
1270
1760
858
3706
3717
235
3174
2012
152
2617
3157
227
485
3911
2916
1240
474
1603
1298
272
1681
2455
529
2044
1569
1615
3008
3006
2712
3826
2746
2828
2794
489
1500
1721
3077
1208
1226
1341
2539
3555
3324
203
926
50
230
1916
1136
2112
481
3834
1387
3273
2288
541
930
1537
562
3308
3753
999
2081
215
953
2505
1171
1645
1961
434
3439
3385
1753
3725
2598
1490
3481
3901
3909
2080
3635
3865
565
333
3533
3715
3504
162
1772
2289
2318
364
1175
920
1220
2088
3031
1036
1020
198
3683
3394
2490
2253
1608
2944
1876
188
3870
1278
3576
3105
3408
2997
1566
345
1954
1617
2422
3764
1392
2335
3660
1263
3720
1863
2296
1955
3793
1722
1193
2770
2247
3204
3020
2126
1148
45
3723
3197
1964
635
2797
3210
1588
1945
3898
3072
303
1200
994
58
2111
1268
936
1252
1475
2571
1177
2525
1565
1704
590
3732
2300
1219
2520
3735
1030
1846
2647
3148
2815
2441
1573
1186
31
144
2816
1719
2660
1407
1259
540
1069
457
1485
1810
915
2526
2393
3225
3948
1389
2701
2448
287
1264
2968
1639
3254
3026
322
3809
1285
2683
3107
937
3264
587
1456
595
3399
543
2151
1147
1711
3070
368
112
781
1840
3658
1370
1024
153
1008
1831
68
3260
1111
1845
62
2599
2020
1610
3087
24
1824
22
3404
224
2130
3661
1620
709
2657
611
3185
3267
39
2946
2707
2109
2060
3082
2903
2932
1306
1277
2750
2320
1525
1256
36
492
3147
2410
440
3740
3169
1593
2306
3261
2881
465
1682
2706
1217
2871
296
2413
2902
2613
43
2194
2763
2947
1213
3246
2899
1265
1913
1250
2622
2553
2145
1286
507
2628
1346
1729
2485
921
2366
596
267
1884
2273
233
2344
1921
2091
1050
2203
2395
527
1694
2231
2826
1366
1544
2002
10
2076
1589
678
1967
3746
2371
1513
2021
2805
2202
3758
610
3435
480
319
329
3301
3927
2769
720
1762
1249
3545
1064
3489
1425
76
1909
2009
2625
1269
2611
366
1783
2290
1727
2237
3623
1673
1253
2010
6
1895
414
3355
1693
2718
2784
818
2018
3441
1562
2099
805
1357
552
1385
3412
1289
3326
1931
3432
1966
1377
2115
1228
1911
17
928
3251
899
79
1624
1835
2414
1194
2446
2467
1631
3440
593
469
1707
2501
2046
2670
3452
3145
2551
919
3268
1454
344
1995
2396
1214
497
1296
2390
2108
3244
940
1653
3063
1057
3700
2546
1272
1235
1251
1080
1734
905
832
249
2116
163
512
2067
3564
1352
728
1509
2355
2421
2759
2017
1068
168
2027
2693
3763
1372
3516
2243
210
1343
1748
1302
959
2471
225
26
3483
898
2986
916
1732
1992
3835
2950
2529
318
2836
2054
3578
520
708
535
2795
3388
160
2160
648
1597
2078
84
1968
3794
16
122
910
2672
2028
3510
2745
3100
373
2144
2173
671
875
3929
3752
2877
2949
2469
453
435
3016
3317
218
44
3531
95
3543
1950
1614
1417
586
3579
2772
1949
2633
3035
2015
3792
3068
1495
2552
761
1132
3704
448
42
3331
2567
733
1340
2003
914
2890
1371
2100
3426
3861
2212
3257
2867
1361
3033
3002
1982
1923
3451
3360
3923
1834
1198
2064
2973
2132
900
2549
3711
2367
2097
1095
2011
2686
3671
3111
500
2990
1393
3709
1280
3340
3501
3728
397
3298
1130
2178
3710
151
2096
2837
3836
952
2719
3328
3101
2806
1035
1183
2779
190
482
3178
1129
848
2908
1060
767
1227
800
288
852
3617
3196
339
2302
588
3852
3507
1799
1279
616
803
2476
2735
2961
19
145
327
3538
3606
1546
1805
2329
3491
3685
2722
426
3019
2541
147
2863
2565
3285
2155
1284
2417
3073
3445
382
1944
2322
72
125
2420
2381
830
1801
3703
901
2376
2278
840
1350
3361
1574
2013
1344
262
3831
2699
3421
1010
154
3593
2409
1085
2428
3837
3061
1919
3855
2502
3274
1625
2643
1167
253
3265
628
415
350
222
3624
745
2870
1225
1935
3430
904
1260
3674
1054
2927
3705
1254
1101
688
2134
2280
468
300
1378
1971
181
3252
1518
186
1376
3269
2681
2346
1150
1281
2879
1248
3379
252
216
1735
2996
1487
2092
3494
3928
3783
2726
2394
3534
3801
1826
2022
409
2736
2664
1962
471
357
3594
2404
3156
508
2642
1499
2427
276
2975
1667
101
2406
754
3081
1678
3371
1061
2236
3645
412
2347
1334
2369
2532
2458
2167
1744
1005
1848
199
2
1973
3814
2496
393
2287
3708
2911
3614
2110
3943
509
2294
982
765
3551
3418
1367
2245
1428
104
3417
3350
1440
3066
3423
3724
1592
3554
1643
933
1188
251
3125
2334
3114
2204
1756
3365
123
2951
1103
3788
2581
316
1479
2392
2482
776
2248
3897
2753
2373
1262
370
3841
2284
2919
2728
2542
82
1297
922
1019
585
177
3078
673
3256
2252
3612
2083
3128
1081
1090
2324
232
3524
517
2001
3181
2846
1979
3608
2325
2500
3525
3791
3552
3518
909
1172
3036
1233
3924
1523
1203
3159
1300
3744
48
278
3773
1100
3672
2457
3605
2157
175
1651
1275
1178
495
2456
3613
3104
3000
2119
3503
238
605
2085
1655
1957
746
265
3032
1234
2328
1870
88
309
3695
2605
2723
423
1999
3086
2352
3051
3199
1207
2338
1034
2297
3155
574
3067
3089
2268
475
3864
3566
3097
2921
1041
3249
2089
1091
1332
1359
1176
526
1883
3
2331
3475
2094
85
308
2757
647
1046
432
2378
2389
1612
3011
3549
945
2473
3046
3654
172
2478
371
2153
1419
1414
1094
3916
228
1031
362
208
1093
2447
782
2991
1684
891
2475
3936
3699
762
931
2425
3548
902
3163
532
3370
1797
2138
2196
141
3526
1480
2506
2093
991
3364
2906
2282
257
2474
1991
431
204
3146
1488
3349
1526
3917
273
2818
1896
2019
2206
376
2418
240
1282
3639
2580
503
861
2433
113
3646
3090
3521
1432
334
2808
2162
2791
3519
94
1972
3113
3889
283
2333
3572
289
3037
2926
1605
1927
2878
3476
353
3742
2303
3649
743
2644
2450
3253
560
1126
1347
63
441
1303
135
2594
3819
1375
3771
735
1958
3354
2419
3480
2439
3416
3189
724
778
3208
2143
3203
176
1237
1396
3536
491
3765
3243
1267
383
161
2272
428
3741
2819
2941
637
663
2423
3508
524
1809
3351
1586
2518
3908
2687
1354
1702
2971
3505
3478
3296
1401
1777
1092
3816
1862
837
377
3770
310
534
996
2241
2787
1854
1880
973
1730
2193
3173
1680
2844
1468
783
1976
505
1627
2118
2817
1379
2555
1978
7
389
2411
433
3528
2135
2445
1242
559
917
802
3930
927
3701
784
52
3798
537
2166
2375
337
1644
3823
2470
3005
159
1942
2040
2362
603
1965
2583
1658
3877
1224
29
3347
542
785
2023
954
60
2148
3342
2676
3468
1804
3879
2042
2141
2809
2491
3327
519
169
2533
3893
78
3769
299
1084
307
3498
343
164
338
575
3873
2407
30
3915
1446
880
3424
3088
1590
2740
808
3431
3628
3784
1888
3950
3787
2739
2472
3384
2380
3668
2184
3093
3053
1498
3095
3387
3500
3785
550
2140
2969
3132
2364
3694
1858
943
3615
1892
3071
2561
531
1189
2976
1821
3167
3386
2912
1665
2882
2721
2168
315
929
1218
786
3358
2107
838
1936
378
3316
2210
2106
486
282
2656
3042
968
3714
2936
1875
1977
691
1807
2953
73
3760
381
1633
702
1190
3206
3083
1027
3871
2183
3637
2841
180
1759
2195
1032
464
2983
3802
3689
2053
2123
3854
515
1330
2188
3821
2560
2847
2114
3198
2069
1661
2894
3224
2240
121
2589
2963
2283
3688
361
3258
1701
1881
1647
1205
2833
3029
906
2232
2113
1914
2876
3266
866
3670
2466
2717
321
3467
290
317
1717
3754
3827
2612
470
207
3182
3599
14
3391
2639
1012
1629
1672
3838
105
2399
3869
314
2558
2537
842
3409
986
1591
3318
3270
538
301
3681
516
1956
1934
3307
459
3571
3040
1013
987
2609
3675
553
3287
1953
2570
3469
2405
3171
1049
1206
3022
1438
1238
3450
533
1099
1173
239
1327
416
3736
3217
3045
602
2340
1584
3682
3825
2066
3844
2436
2802
461
1993
137
3747
2431
3919
935
2068
528
413
3840
938
3515
1023
1563
87
3263
1869
1042
255
911
2658
2713
990
1382
707
1047
2180
3018
1169
1788
1021
2507
1752
3638
2649
1910
2840
2137
3882
1082
3366
3863
3684
548
2256
1582
2186
1975
363
1016
2596
1983
2357
2629
748
2045
674
3952
98
2412
2163
331
477
549
2725
2531
1599
1833
2800
1011
1274
1135
3099
103
458
2072
2497
2645
27
918
640
196
2351
2513
3134
417
951
2768
700
1907
615
2453
2995
3230
1839
2907
2102
2159
1648
2004
2070
1542
932
2267
2530
546
2889
1212
102
1461
2121
1460
511
1124
3143
2922
2374
2136
187
1549
2383
3795
2391
2386
1811
2952
3142
2082
410
1405
18
3669
2970
463
2948
1363
2468
2616
3150
2124
1202
306
346
2337
705
568
2620
1465
3686
2139
1687
2063
1120
1472
3733
3896
779
2038
695
2295
2755
2993
3152
3651
3584
1906
2764
1924
89
714
1660
2052
20
13
360
2574
170
3484
2720
3692
1184
3240
2354
504
3565
849
2548
1587
2402
2275
1039
3934
1794
3640
427
2265
195
348
3344
2600
3502
1014
1616
3813
2071
2801
3200
446
3619
2744
2714
2860
2989
3074
3789
2315
1192
369
971
1114
2618
2789
174
1051
2786
280
2880
1771
2866
1429
3094
946
3024
3466
2900
1445
2059
2037
841
3300
627
3286
3662
2575
2812
2682
3539
248
3822
2829
193
3397
2540
1273
3513
2978
3944
3341
438
3547
2799
944
3457
824
2652
234
2024
3664
3425
294
3910
2370
3028
1920
3446
879
3437
2749
3622
1602
3926
2661
2585
1564
544
2125
566
600
140
1449
3112
372
2830
28
2401
2084
3872
2341
1431
499
2861
948
390
54
3506
1236
2043
258
1381
2150
456
158
2330
2615
332
823
3177
2929
65
455
1985
209
1635
3470
3262
2034
2696
571
3429
128
2695
3462
2365
1056
2269
1161
3213
2073
502
3250
1003
835
1066
710
2793
41
3433
2316
934
2036
3626
2634
3054
2896
217
2264
2732
1929
1822
351
525
3235
2606
2554
3096
2874
1105
3884
1535
2923
1416
3103
3398
407
330
3302
3004
1015
1457
1856
3839
97
3420
1640
711
3726
335
896
3422
3166
3017
1668
2928
467
742
3183
1785
3190
3807
1947
2090
965
1241
3001
173
86
1489
191
2943
2051
662
23
40
1948
3509
1459
3325
741
2689
1086
2451
3679
1329
387
2803
1867
3459
897
2967
1442
809
3900
1243
3320
978
839
1078
766
3180
2461
149
3716
2363
760
1295
801
2238
2499
2495
1857
2697
606
2029
3007
3186
1422
949
501
2651
1283
942
3937
2626
270
3076
2317
2883
2798
877
892
1474
2754
963
3345
277
3627
1654
388
2026
246
394
2142
1951
1439
569
15
2492
3403
3775
3629
1898
3655
2614
1018
2307
2098
3456
2519
737
3299
355
157
2397
2935
1436
947
2852
2981
1996
2025
3038
2498
2965
2479
632
1726
998
2966
850
3012
2430
2630
3138
1963
2041
2977
650
3512
2888
1482
81
1496
2839
3634
1245
1529
3782
256
3604
201
2898
1696
1938
1541
35
250
2377
3931
3214
3767
692
2827
1516
1900
668
2924
656
3188
2893
719
3940
2095
3127
1998
2796
49
2780
3511
437
1946
129
2920
2535
3447
518
2488
984
2298
833
2250
599
490
2590
3537
3766
3653
3283
2244
1483
2104
3357
5
429
179
3272
2593
2016
3179
1453
665
2387
1986
536
1305
1816
1395
2437
1426
1841
320
3544
682
547
2372
3390
2326
3062
2120
261
3918
74
1941
2263
61
523
1606
1601
3786
1398
2187
3858
2304
633
3313
514
64
1598
451
1322
2568
2774
3120
3248
1571
1626
3137
2048
2349
2175
2854
2790
764
836
2851
3353
2276
2748
1539
2014
2729
1351
445
810
3041
2382
3135
1860
2758
3139
649
275
2459
2170
1897
3405
2659
893
870
2675
3938
3581
3690
3310
126
3596
869
2057
3659
3921
3559
57
3731
888
156
3487
1739
694
2849
851
1187
483
876
581
1853
558
867
3620
3115
2925
828
1255
3713
3465
38
1331
2938
2361
1390
3289
1773
2511
3567
92
771
2538
2176
3557
107
2483
3757
3368
2056
3914
864
3367
2940
1988
3824
3436
731
3010
3117
295
242
3616
1312
704
1827
1209
3799
685
3892
2577
1362
718
2279
886
1837
205
3833
2432
3553
3377
182
3886
3734
2442
882
236
950
3014
3523
667
3577
2550
2356
3818
2310
3460
2905
2440
3444
450
3158
2266
1836
1623
3401
2674
680
907
681
3092
1600
2665
271
941
2007
3488
1404
1970
3680
2147
3925
1009
2709
358
302
219
3330
493
1017
2582
3598
1326
1750
3780
1695
1191
753
328
3540
3091
1211
958
305
3902
2862
3375
449
1543
2857
2522
3194
3393
961
2360
3130
1508
3810
3529
3497
3895
1484
1515
3201
2077
313
1677
3109
444
1163
2154
2733
447
2261
12
1981
2545
1025
2122
1162
726
1893
2835
2158
2074
385
2181
3676
259
1004
564
3222
976
460
2767
3759
2514
2937
422
3184
3922
1313
1940
1671
4
3932
669
2752
206
612
956
1937
365
3739
2285
391
3718
1733
2715
2165
2314
1365
3414
2885
964
3343
3859
1715
1290
1889
3453
3729
2075
166
506
3768
2523
3003
1679
2149
452
1675
2255
2650
881
1554
617
3846
2708
3737
3442
2738
479
1758
281
1087
563
3048
3339
2271
1767
3079
3719
171
8
424
2516
3218
2730
1131
2327
1511
1123
3832
3903
3118
3064
3395
1328
747
3611
2653
2984
1355
1621
3215
2101
715
1844
3677
2544
1144
3333
3284
1353
2679
420
340
3590
2435
638
2177
1581
1987
1547
384
443
3496
2426
2305
1477
2597
1458
3144
556
3025
3043
2281
631
59
2131
2704
521
769
119
274
510
2760
3586
1463
375
3520
522
359
3843
3056
846
2239
1154
3748
1585
229
2227
2859
2233
613
3820
131
3643
1325
312
2197
341
2646
885
1336
829
71
1713
1731
3075
2637
3389
3774
3275
2434
3790
99
1421
3885
100
2756
2563
33
2775
1522
3473
2781
1984
580
2103
2667
3454
325
2465
2632
352
3015
3592
3727
2460
3161
3013
3933
1567
2868
3749
9
3602
2515
716
2673
3808
3951
3428
2962
3563
1044
245
2573
1413
2079
3693
751
80
1806
408
2062
2429
3141
3600
2998
56
1595
2972
478
3874
1604
697
1423
3449
2047
3069
3372
3777
3055
118
1551
297
2654
1494
3580
2848
2587
1464
1812
2823
3850
3721
609
862
3673
1455
703
570
2992
53
2655
1650
3663
2449
3806
1337
336
148
2205
2128
3570
1670
1989
241
2182
1324
3781
1360
421
2856
3848
3847
3463
146
2669
1596
2345
992
2904
3817
1447
1990
1412
1545
513
1507
2368
1410
3049
2086
2635
2853
120
749
3427
3738
473
2032
1053
1216
484
598
701
2685
3402
584
2751
263
1793
2400
2741
3124
2974
67
2607
3047
1174
1399
2982
3610
775
1583
189
3945
1180
2415
3691
117
1922
77
645
1925
3804
2810
3464
2191
725
3514
3304
347
2215
1113
1632
2350
1609
554
2169
670
1890
1503
3805
3860
2814
1063
1493
3415
2342
2190
3678
2813
2323
326
3588
1335
2566
3294
3282
1116
3165
155
1138
197
1646
1855
487
1502
2864
1232
2897
722
2820
498
75
1932
1642
3276
925
2850
970
3913
411
1497
3490
3883
3122
1791
1570
3406
3228
3851
2536
2727
1859
2477
1112
3211
2638
3587
3942
2293
2964
2509
1725
2164
2260
806
55
1849
324
1427
3162
3410
3585
1323
1317
2873
1770
279
3434
3743
3106
3880
1055
3906
2152
1980
3776
2185
268
1887
3641
3939
462
874
1397
831
1315
974
807
425
184
1038
619
1666
220
1755
813
1850
2955
1657
2834
664
3241
3532
561
2179
1006
430
254
3756
1902
2494
614
212
577
354
980
2286
2049
472
844
1153
1572
116
2610
3110
2209
1310
1662
127
1865
3867
2189
2691
3849
639
1787
476
3413
3609
2031
1926
3121
2737
3021
106
3761
1825
2663
3065
138
3762
1406
2945
304
3636
3894
386
2207
3797
2484
2292
1899
3796
2766
3472
2055
1067
3474
2534
1943
2931
291
3192
1933
2579
183
1814
406
2979
2933
787
1798
3311
2486
643
3329
1151
997
1703
2481
2608
977
243
2886
2624
2061
1532
988
2339
854
2855
993
3687
1795
2462
214
3562
3778
2807
957
3291
1872
3574
3862
2776
3845
3887
3568
2559
2627
2999
1473
821
3221
488
2785
3154
392
2914
3779
96
3912
3306
3517
3876
1782
1878
2842
2778
3665
83
496
3335
2678
3644
3853
2211
3492
3050
3899
3935
3407
2865
298
2332
3941
1152
626
3891
1656
3288
2008
418
3338
1555
2602
3303
3293
2035
1864
1437
3597
1550
1076
863
1450
820
2743
1613
3149
3232
2884
1874
124
3322
659
1504
793
1575
1119
1829
1000
3875
860
3828
2711
3400
1659
90
2913
