1, 158
2, 56
3, 43
4, 11
5, 18
6, 77
7, 43
8, 6
9, 7
10, 78
11, 89
12, 11
13, 9
14, 12
15, 8
16, 51
17, 67
18, 7
19, 27
20, 12
21, 111
22, 37
23, 5
24, 54
25, 93
26, 5
27, 3
28, 6
29, 27
30, 4
31, 10
32, 104
33, 2
34, 138
35, 3
36, 70
38, 3
39, 128
40, 2
41, 26
42, 20
43, 10
44, 23
45, 45
46, 16
47, 96
48, 24
49, 2
50, 121
52, 23
53, 1
54, 2
55, 1
56, 1
57, 9
58, 46
59, 2
60, 29
61, 5
62, 30
63, 5
64, 4
65, 8
66, 5
68, 10
69, 25
70, 62
71, 4
72, 8
73, 12
74, 10
76, 18
77, 4
78, 5
79, 11
80, 5
81, 9
82, 5
84, 1
85, 16
86, 14
87, 10
88, 11
89, 21
90, 1
92, 13
93, 7
94, 15
95, 51
96, 1
97, 3
98, 1
99, 5
100, 12
101, 23
102, 3
103, 2
104, 51
105, 22
107, 14
110, 145
111, 77
112, 39
113, 4
116, 3
117, 4
118, 2
119, 1
120, 1
122, 20
123, 5
124, 1
125, 25
126, 12
127, 1
128, 1
129, 3
131, 2
132, 3
135, 6
137, 3
138, 1
140, 10
141, 51
144, 38
145, 29
146, 3
147, 13
148, 1
149, 1
150, 83
151, 34
152, 7
153, 38
154, 11
155, 3
156, 3
157, 8
158, 19
159, 7
160, 45
161, 48
162, 38
163, 39
164, 27
165, 60
166, 3
168, 30
169, 12
170, 23
171, 5
172, 35
173, 49
174, 5
175, 13
176, 14
177, 15
179, 3
180, 46
181, 6
182, 1
184, 1
185, 34
186, 12
187, 7
188, 14
190, 9
191, 4
193, 11
194, 18
195, 19
196, 43
197, 3
198, 47
199, 11
201, 3
203, 11
204, 16
205, 8
206, 7
207, 16
208, 44
209, 2
210, 2
213, 9
214, 1
215, 9
216, 37
217, 7
218, 11
219, 1
220, 3
222, 22
223, 115
224, 24
225, 19
227, 12
228, 2
229, 8
230, 29
231, 60
232, 27
233, 20
234, 7
235, 85
236, 27
237, 14
238, 3
239, 19
240, 4
241, 1
242, 11
245, 1
246, 49
247, 38
248, 7
249, 17
250, 4
251, 1
252, 22
253, 50
254, 3
255, 6
256, 17
257, 10
258, 6
259, 7
260, 170
261, 27
262, 17
263, 2
265, 52
266, 54
267, 12
268, 2
269, 8
270, 6
271, 6
272, 31
273, 20
275, 10
276, 14
277, 4
278, 2
279, 1
280, 13
281, 16
282, 12
283, 1
287, 1
288, 37
289, 17
290, 12
291, 3
292, 49
293, 84
294, 2
295, 2
296, 147
297, 1
298, 1
299, 14
300, 60
301, 2
302, 5
303, 32
304, 2
305, 10
306, 15
307, 17
308, 14
309, 2
310, 1
312, 8
314, 30
315, 7
316, 75
317, 40
318, 150
319, 22
321, 7
322, 12
324, 6
325, 5
326, 7
327, 30
328, 18
329, 83
330, 9
332, 13
333, 33
334, 13
335, 5
336, 2
337, 57
338, 13
339, 51
340, 12
341, 3
342, 39
343, 4
344, 50
345, 43
346, 7
347, 1
348, 42
349, 82
350, 42
351, 19
352, 6
353, 58
354, 2
355, 20
356, 140
357, 104
358, 10
359, 1
360, 9
361, 18
362, 24
363, 1
364, 87
365, 2
366, 20
367, 83
368, 66
369, 7
370, 29
371, 21
372, 33
373, 17
374, 18
375, 1
376, 29
377, 134
378, 7
379, 42
380, 103
381, 14
382, 21
383, 17
384, 3
385, 1
386, 2
387, 8
388, 9
389, 5
390, 5
391, 2
392, 1
393, 11
394, 2
405, 16
406, 1
407, 22
408, 3
409, 7
410, 22
411, 2
412, 25
413, 15
414, 2
415, 14
416, 6
417, 16
419, 7
420, 17
421, 8
422, 6
423, 10
424, 3
425, 5
426, 23
427, 12
428, 24
429, 18
430, 4
431, 24
432, 41
433, 4
434, 42
435, 38
436, 6
437, 4
438, 10
440, 76
441, 63
442, 61
443, 3
444, 4
445, 9
446, 13
447, 1
448, 18
449, 6
450, 14
451, 10
452, 2
453, 9
454, 67
455, 14
456, 9
457, 154
458, 8
459, 11
460, 2
461, 7
462, 1
463, 6
464, 18
465, 9
466, 39
467, 4
468, 33
469, 5
470, 3
471, 57
472, 1
473, 9
474, 78
475, 21
476, 3
477, 13
478, 4
479, 8
480, 167
481, 24
482, 20
483, 6
484, 2
485, 35
486, 4
487, 3
488, 1
489, 7
490, 12
491, 18
492, 26
493, 14
494, 44
495, 2
496, 1
497, 51
498, 1
499, 4
500, 46
501, 9
502, 7
503, 1
504, 15
505, 4
506, 10
507, 38
508, 40
509, 37
510, 3
511, 13
512, 19
513, 4
514, 26
515, 29
516, 11
517, 24
518, 9
519, 15
520, 28
521, 7
522, 9
523, 7
524, 35
525, 1
526, 1
527, 126
528, 8
529, 47
531, 25
532, 26
533, 15
534, 26
535, 24
536, 2
537, 12
538, 28
539, 90
540, 10
541, 152
542, 18
543, 57
544, 8
546, 25
547, 9
548, 9
549, 7
550, 14
551, 74
552, 45
553, 37
554, 1
555, 64
556, 9
558, 9
561, 1
562, 38
563, 2
564, 3
565, 5
566, 1
568, 8
569, 5
570, 2
571, 3
574, 14
575, 6
577, 2
580, 3
581, 10
585, 34
586, 44
587, 96
588, 127
589, 184
590, 112
592, 107
593, 124
594, 66
595, 75
596, 37
597, 78
598, 1
599, 16
600, 2
602, 2
603, 3
605, 13
606, 7
608, 182
609, 3
610, 58
611, 19
612, 4
613, 3
615, 4
616, 19
617, 2
619, 2
626, 2
627, 8
628, 27
631, 9
632, 2
633, 3
635, 8
637, 13
638, 1
639, 3
640, 5
645, 1
647, 33
648, 119
649, 4
650, 6
653, 59
656, 2
659, 1
661, 33
662, 7
663, 26
664, 2
665, 4
667, 3
668, 5
669, 1
670, 6
671, 32
673, 45
674, 30
678, 18
680, 7
681, 1
682, 1
685, 1
688, 23
691, 9
692, 6
694, 13
695, 11
697, 2
700, 15
702, 2
703, 2
704, 4
705, 4
707, 20
708, 43
709, 13
710, 3
711, 1
714, 11
715, 3
716, 2
718, 3
719, 12
720, 37
722, 1
724, 26
725, 4
726, 1
728, 17
731, 5
733, 91
735, 13
736, 78
737, 20
741, 20
742, 14
743, 11
745, 47
746, 3
747, 1
748, 39
750, 96
751, 1
753, 1
754, 1
759, 4
760, 1
761, 7
762, 26
764, 2
765, 6
766, 10
767, 2
769, 3
771, 3
775, 1
776, 1
778, 64
779, 1
780, 128
781, 13
782, 10
783, 23
784, 22
785, 46
786, 35
788, 66
793, 1
798, 15
799, 32
800, 41
801, 8
802, 33
803, 4
804, 21
805, 27
806, 2
807, 1
808, 3
809, 7
810, 8
813, 3
818, 11
820, 1
821, 1
823, 1
824, 5
828, 5
829, 9
830, 22
832, 41
833, 6
835, 9
836, 19
837, 18
838, 37
839, 11
840, 3
841, 1
842, 7
844, 1
848, 14
849, 36
850, 1
851, 9
852, 54
854, 1
858, 122
861, 26
862, 2
864, 2
866, 52
867, 2
869, 2
870, 1
875, 3
876, 2
877, 2
879, 16
880, 27
881, 4
882, 3
885, 3
886, 8
888, 5
891, 19
892, 11
893, 6
896, 3
897, 12
898, 34
899, 50
900, 23
901, 9
902, 40
903, 69
904, 75
905, 29
906, 12
907, 8
908, 56
909, 35
910, 66
911, 27
912, 99
913, 53
914, 50
915, 37
916, 33
917, 3
918, 12
919, 115
920, 77
921, 34
922, 31
923, 89
924, 142
925, 1
926, 29
927, 6
928, 36
929, 8
930, 24
931, 15
932, 9
933, 32
934, 30
935, 8
936, 7
937, 3
938, 12
940, 28
941, 14
942, 24
943, 8
944, 7
945, 17
946, 14
947, 21
948, 7
949, 17
950, 24
951, 23
952, 26
953, 37
954, 31
955, 33
956, 3
957, 1
958, 1
959, 4
960, 3
961, 1
963, 3
964, 1
965, 17
968, 66
969, 86
970, 2
971, 20
973, 2
974, 2
976, 4
978, 5
980, 1
982, 4
984, 4
986, 17
987, 3
988, 1
990, 4
991, 6
992, 4
993, 1
994, 43
996, 19
997, 1
998, 7
999, 21
1000, 1
1003, 3
1004, 4
1005, 6
1006, 3
1007, 16
1008, 12
1009, 18
1010, 17
1011, 12
1012, 21
1013, 22
1014, 11
1015, 21
1016, 15
1017, 12
1018, 9
1019, 45
1020, 34
1021, 13
1022, 31
1023, 19
1024, 12
1025, 16
1027, 23
1028, 79
1029, 50
1030, 25
1031, 35
1032, 44
1033, 26
1034, 15
1035, 65
1036, 116
1037, 50
1038, 1
1039, 1
1041, 28
1042, 49
1043, 8
1044, 4
1046, 7
1047, 35
1049, 33
1050, 6
1051, 5
1053, 2
1054, 8
1055, 1
1056, 4
1057, 25
1059, 35
1060, 59
1061, 29
1063, 2
1064, 15
1066, 11
1067, 2
1068, 2
1069, 12
1073, 89
1076, 2
1077, 60
1078, 27
1079, 94
1080, 84
1081, 28
1082, 6
1083, 7
1084, 45
1085, 10
1086, 17
1087, 2
1088, 48
1089, 92
1090, 88
1091, 22
1092, 41
1093, 61
1094, 94
1095, 40
1096, 21
1097, 158
1099, 11
1100, 24
1101, 69
1103, 22
1104, 29
1105, 3
1111, 5
1112, 1
1113, 4
1114, 5
1116, 2
1120, 28
1123, 2
1124, 26
1125, 30
1126, 27
1127, 130
1128, 15
1129, 82
1130, 19
1131, 17
1132, 18
1135, 21
1136, 117
1138, 1
1147, 23
1148, 68
1150, 19
1152, 1
1154, 2
1161, 10
1162, 3
1163, 1
1167, 11
1169, 6
1171, 30
1172, 46
1173, 16
1174, 1
1175, 32
1176, 12
1177, 11
1178, 20
1179, 74
1180, 2
1183, 72
1184, 10
1185, 30
1186, 46
1187, 16
1188, 61
1189, 26
1190, 11
1191, 15
1192, 7
1193, 66
1194, 16
1196, 191
1197, 143
1198, 145
1199, 83
1200, 139
1201, 66
1202, 8
1203, 41
1204, 54
1205, 10
1206, 81
1207, 58
1208, 102
1209, 13
1210, 142
1211, 19
1212, 29
1213, 141
1214, 145
1215, 89
1216, 2
1217, 33
1218, 18
1219, 83
1220, 106
1221, 102
1222, 102
1223, 31
1224, 35
1225, 100
1226, 16
1227, 17
1228, 44
1230, 74
1231, 67
1232, 4
1233, 66
1234, 68
1235, 42
1236, 14
1237, 17
1238, 26
1240, 157
1241, 7
1242, 83
1243, 28
1244, 67
1245, 27
1246, 53
1247, 93
1248, 46
1249, 52
1250, 63
1251, 14
1252, 81
1253, 51
1254, 39
1255, 5
1256, 39
1257, 28
1258, 74
1259, 136
1260, 26
1261, 43
1262, 55
1263, 55
1264, 22
1265, 168
1266, 61
1267, 58
1268, 32
1269, 67
1270, 142
1271, 53
1272, 42
1273, 12
1274, 36
1275, 66
1276, 83
1277, 30
1278, 112
1279, 17
1280, 22
1281, 17
1282, 61
1283, 23
1284, 34
1285, 73
1286, 15
1287, 49
1288, 101
1289, 15
1290, 14
1291, 106
1292, 44
1293, 44
1294, 96
1295, 16
1296, 43
1297, 32
1298, 32
1299, 54
1300, 24
1301, 37
1302, 42
1303, 27
1304, 96
1305, 10
1306, 12
1307, 112
1313, 1
1317, 4
1320, 79
1321, 45
1322, 2
1323, 3
1324, 2
1326, 6
1327, 34
1328, 2
1329, 3
1330, 14
1331, 1
1332, 9
1333, 59
1334, 22
1335, 2
1336, 3
1337, 4
1339, 44
1340, 24
1341, 7
1342, 17
1343, 56
1344, 24
1345, 51
1346, 13
1347, 40
1348, 23
1350, 27
1351, 6
1352, 7
1353, 8
1354, 19
1355, 4
1356, 113
1357, 55
1358, 86
1359, 14
1360, 1
1361, 8
1362, 5
1363, 6
1365, 1
1366, 6
1367, 22
1370, 99
1371, 66
1372, 81
1373, 51
1374, 110
1375, 77
1376, 100
1377, 75
1378, 36
1379, 27
1380, 53
1381, 20
1382, 18
1385, 48
1387, 127
1388, 35
1389, 14
1390, 9
1391, 86
1392, 17
1393, 109
1394, 101
1395, 16
1396, 93
1397, 4
1398, 6
1399, 6
1401, 10
1404, 7
1405, 35
1406, 1
1407, 55
1408, 80
1409, 23
1410, 2
1411, 24
1412, 2
1413, 2
1414, 12
1415, 6
1416, 18
1417, 3
1419, 12
1421, 1
1422, 20
1425, 11
1426, 1
1428, 3
1429, 27
1431, 11
1432, 8
1436, 2
1437, 1
1438, 18
1439, 4
1440, 7
1441, 39
1442, 1
1445, 3
1446, 15
1447, 4
1449, 35
1450, 1
1453, 11
1454, 5
1455, 1
1456, 3
1457, 24
1458, 1
1459, 20
1460, 4
1461, 21
1463, 3
1464, 7
1465, 14
1466, 51
1468, 11
1472, 4
1473, 2
1474, 8
1475, 8
1476, 35
1477, 2
1479, 43
1480, 15
1482, 5
1483, 7
1484, 9
1485, 46
1487, 8
1488, 31
1489, 1
1490, 2
1494, 1
1495, 1
1496, 1
1497, 5
1498, 15
1499, 26
1500, 84
1503, 4
1504, 1
1507, 5
1508, 3
1509, 2
1511, 4
1513, 67
1515, 14
1516, 6
1517, 102
1518, 22
1522, 1
1523, 5
1525, 5
1526, 8
1527, 121
1529, 3
1532, 1
1535, 6
1537, 32
1539, 1
1541, 11
1542, 22
1543, 1
1544, 103
1545, 3
1546, 3
1547, 2
1549, 1
1551, 2
1552, 82
1554, 8
1556, 30
1562, 42
1563, 4
1564, 3
1565, 3
1566, 34
1567, 1
1569, 70
1570, 2
1571, 4
1572, 2
1573, 122
1574, 2
1575, 2
1580, 199
1581, 5
1582, 7
1583, 2
1584, 91
1585, 1
1586, 45
1587, 50
1588, 12
1589, 31
1590, 39
1591, 37
1592, 7
1593, 18
1594, 27
1595, 4
1596, 2
1597, 58
1598, 9
1599, 6
1600, 8
1601, 4
1602, 3
1603, 21
1604, 4
1605, 9
1606, 10
1608, 90
1609, 3
1610, 120
1611, 12
1612, 6
1613, 1
1614, 29
1615, 19
1616, 32
1617, 125
1619, 28
1620, 31
1621, 6
1623, 6
1624, 3
1625, 62
1626, 8
1627, 20
1629, 4
1631, 3
1633, 22
1635, 34
1639, 81
1640, 6
1641, 107
1642, 3
1643, 28
1644, 33
1645, 55
1646, 2
1647, 8
1648, 11
1649, 15
1650, 7
1651, 2
1653, 85
1654, 13
1655, 5
1656, 1
1657, 1
1658, 12
1660, 15
1661, 7
1662, 1
1663, 65
1665, 11
1666, 1
1667, 7
1668, 7
1669, 3
1670, 6
1671, 5
1672, 25
1673, 87
1674, 80
1675, 2
1676, 110
1677, 5
1678, 38
1679, 3
1680, 36
1681, 10
1682, 73
1683, 22
1684, 9
1686, 9
1687, 30
1688, 26
1689, 15
1690, 62
1693, 23
1694, 49
1695, 2
1696, 4
1699, 19
1701, 19
1702, 23
1703, 2
1704, 129
1707, 10
1711, 49
1713, 11
1715, 1
1717, 26
1719, 24
1721, 89
1722, 76
1726, 11
1727, 12
1729, 55
1730, 12
1731, 2
1732, 92
1733, 7
1734, 18
1735, 20
1739, 5
1744, 6
1746, 1
1747, 75
1748, 63
1750, 4
1752, 11
1753, 17
1754, 25
1755, 2
1756, 5
1758, 7
1759, 8
1760, 13
1762, 24
1767, 2
1769, 18
1770, 1
1771, 4
1772, 8
1773, 1
1777, 71
1779, 40
1782, 2
1783, 16
1784, 134
1785, 12
1788, 14
1791, 1
1792, 32
1793, 1
1794, 14
1795, 1
1797, 20
1798, 4
1799, 12
1801, 34
1804, 17
1805, 50
1806, 14
1807, 2
1809, 3
1810, 27
1811, 1
1812, 1
1816, 9
1821, 17
1822, 4
1824, 9
1825, 3
1826, 5
1827, 5
1829, 2
1831, 53
1833, 19
1834, 37
1835, 29
1836, 7
1837, 6
1839, 2
1840, 10
1841, 9
1844, 2
1845, 22
1846, 1
1848, 10
1850, 1
1853, 2
1854, 5
1855, 5
1856, 7
1857, 1
1858, 12
1859, 4
1860, 4
1862, 12
1863, 9
1865, 1
1866, 14
1867, 4
1869, 1
1870, 5
1872, 1
1873, 18
1874, 2
1875, 13
1876, 66
1878, 1
1880, 3
1881, 4
1882, 44
1883, 61
1884, 21
1885, 43
1887, 4
1888, 18
1889, 2
1892, 29
1893, 1
1894, 31
1895, 24
1896, 5
1897, 6
1898, 2
1899, 1
1900, 4
1902, 1
1904, 9
1906, 2
1907, 34
1909, 63
1910, 1
1911, 41
1912, 73
1913, 6
1914, 29
1916, 32
1917, 84
1918, 56
1919, 10
1920, 17
1921, 59
1922, 4
1923, 124
1924, 19
1925, 2
1926, 1
1927, 22
1929, 11
1931, 14
1932, 3
1933, 1
1934, 10
1935, 7
1936, 4
1937, 5
1938, 10
1939, 14
1940, 3
1941, 8
1942, 8
1943, 1
1944, 23
1945, 35
1946, 20
1947, 51
1948, 10
1949, 16
1950, 24
1951, 13
1952, 43
1953, 73
1954, 87
1955, 24
1956, 29
1957, 53
1958, 35
1959, 41
1960, 60
1961, 60
1962, 50
1963, 23
1964, 26
1965, 58
1966, 15
1967, 58
1968, 95
1969, 24
1970, 19
1971, 15
1972, 15
1973, 19
1974, 21
1975, 8
1976, 13
1977, 9
1978, 13
1979, 9
1980, 2
1981, 8
1982, 42
1983, 10
1984, 5
1985, 5
1986, 12
1987, 4
1988, 4
1989, 1
1990, 1
1991, 16
1992, 10
1993, 5
1994, 46
1995, 15
1996, 4
1997, 66
1998, 2
1999, 11
2000, 142
2001, 84
2002, 67
2003, 48
2004, 27
2005, 47
2006, 75
2007, 7
2008, 1
2009, 44
2010, 23
2011, 84
2012, 99
2013, 43
2014, 7
2015, 32
2016, 8
2017, 9
2018, 56
2019, 44
2020, 64
2021, 59
2022, 18
2023, 44
2024, 13
2025, 10
2026, 11
2027, 14
2028, 178
2029, 6
2031, 2
2032, 3
2033, 15
2034, 18
2035, 1
2036, 10
2037, 6
2038, 12
2040, 10
2041, 10
2042, 17
2043, 14
2044, 5
2045, 3
2046, 50
2047, 1
2048, 5
2049, 2
2050, 9
2051, 4
2052, 12
2053, 27
2054, 106
2055, 2
2056, 5
2057, 8
2058, 61
2059, 25
2060, 8
2062, 5
2063, 1
2064, 73
2065, 36
2066, 9
2067, 38
2068, 8
2069, 14
2070, 17
2071, 9
2072, 28
2073, 5
2074, 1
2075, 6
2076, 45
2077, 12
2078, 49
2079, 4
2080, 69
2081, 89
2082, 29
2083, 19
2084, 4
2085, 39
2086, 2
2087, 52
2088, 33
2089, 15
2090, 21
2091, 12
2092, 11
2093, 21
2094, 65
2095, 9
2096, 47
2097, 15
2098, 4
2099, 19
2100, 72
2101, 1
2102, 17
2103, 2
2104, 2
2105, 79
2106, 15
2107, 17
2108, 84
2109, 50
2110, 34
2111, 22
2112, 23
2113, 4
2114, 24
2115, 81
2116, 35
2117, 24
2118, 28
2119, 7
2120, 20
2121, 24
2122, 12
2123, 23
2124, 48
2125, 21
2126, 46
2128, 3
2130, 21
2131, 1
2132, 25
2133, 47
2134, 31
2135, 19
2136, 11
2137, 34
2138, 20
2139, 24
2140, 57
2141, 28
2142, 12
2143, 24
2144, 58
2145, 45
2146, 28
2147, 14
2148, 16
2149, 8
2150, 58
2151, 12
2152, 2
2153, 17
2154, 7
2155, 27
2156, 1
2157, 2
2158, 1
2159, 21
2160, 44
2161, 47
2162, 10
2163, 15
2164, 1
2165, 8
2166, 9
2167, 77
2168, 7
2169, 10
2170, 7
2171, 24
2173, 6
2174, 119
2176, 17
2177, 6
2178, 8
2179, 2
2180, 5
2181, 6
2182, 3
2183, 15
2184, 5
2185, 1
2186, 35
2187, 3
2188, 15
2189, 1
2190, 3
2191, 1
2193, 63
2194, 81
2195, 11
2196, 2
2197, 1
2202, 14
2203, 15
2204, 9
2205, 3
2206, 11
2207, 1
2208, 25
2209, 1
2210, 2
2212, 8
2215, 1
2227, 1
2231, 27
2232, 25
2236, 18
2237, 3
2238, 9
2239, 4
2240, 18
2241, 17
2243, 52
2244, 1
2245, 48
2246, 1
2247, 26
2248, 70
2249, 18
2250, 5
2252, 17
2253, 30
2255, 6
2256, 2
2259, 13
2260, 7
2261, 18
2262, 20
2263, 10
2264, 7
2265, 5
2266, 10
2267, 1
2268, 84
2269, 6
2271, 5
2272, 11
2273, 40
2275, 5
2276, 7
2278, 75
2279, 11
2280, 14
2281, 1
2282, 28
2283, 5
2284, 3
2285, 4
2286, 1
2287, 27
2288, 50
2289, 85
2290, 4
2291, 101
2292, 1
2293, 1
2294, 46
2295, 7
2296, 11
2297, 27
2300, 51
2301, 25
2302, 76
2303, 20
2304, 1
2305, 1
2306, 6
2307, 5
2310, 7
2311, 41
2312, 20
2313, 39
2314, 5
2315, 17
2316, 8
2317, 1
2318, 25
2320, 15
2321, 98
2322, 26
2323, 4
2324, 90
2325, 12
2327, 6
2328, 23
2329, 44
2330, 8
2331, 21
2333, 48
2334, 25
2335, 30
2336, 70
2337, 7
2338, 17
2339, 1
2340, 21
2341, 2
2344, 15
2345, 5
2346, 17
2347, 5
2348, 27
2349, 17
2350, 2
2351, 14
2352, 57
2353, 76
2354, 11
2355, 114
2356, 4
2357, 12
2359, 76
2360, 9
2361, 12
2362, 5
2363, 12
2364, 10
2365, 5
2366, 51
2367, 23
2368, 4
2369, 51
2370, 9
2371, 44
2372, 19
2373, 10
2374, 15
2375, 25
2376, 22
2377, 15
2378, 29
2379, 10
2380, 21
2381, 11
2382, 8
2383, 12
2384, 48
2385, 8
2386, 3
2387, 16
2389, 24
2390, 23
2391, 62
2392, 14
2393, 69
2394, 39
2395, 103
2396, 181
2397, 1
2398, 23
2399, 16
2400, 2
2401, 18
2402, 29
2403, 30
2404, 20
2405, 41
2406, 106
2407, 81
2408, 27
2409, 22
2410, 22
2411, 21
2412, 13
2413, 32
2414, 26
2415, 1
2416, 25
2417, 8
2418, 7
2419, 3
2420, 37
2421, 30
2422, 21
2423, 33
2424, 65
2425, 4
2426, 2
2427, 67
2428, 40
2429, 9
2430, 6
2431, 30
2432, 9
2433, 47
2434, 3
2435, 6
2436, 5
2437, 4
2439, 21
2440, 1
2441, 2
2442, 12
2443, 7
2445, 4
2446, 7
2447, 12
2448, 10
2449, 2
2450, 22
2451, 3
2453, 16
2454, 41
2455, 79
2456, 16
2457, 14
2458, 7
2459, 24
2460, 7
2461, 5
2462, 2
2463, 42
2465, 4
2466, 1
2467, 27
2468, 21
2469, 37
2470, 84
2471, 29
2472, 8
2473, 9
2474, 27
2475, 8
2476, 28
2477, 3
2478, 47
2479, 2
2481, 2
2482, 2
2483, 2
2484, 1
2485, 33
2486, 1
2488, 6
2490, 66
2491, 9
2492, 6
2495, 10
2496, 23
2497, 10
2498, 2
2499, 5
2500, 11
2501, 52
2502, 68
2504, 9
2505, 23
2506, 10
2507, 5
2509, 1
2511, 5
2513, 22
2514, 10
2515, 2
2516, 4
2517, 24
2518, 25
2519, 6
2520, 9
2521, 2
2522, 5
2523, 2
2524, 24
2525, 9
2526, 8
2527, 52
2528, 46
2529, 100
2530, 23
2531, 22
2532, 23
2533, 33
2534, 1
2535, 5
2537, 3
2538, 1
2539, 44
2540, 14
2541, 40
2542, 50
2546, 12
2548, 5
2549, 13
2550, 14
2551, 22
2552, 2
2553, 22
2554, 12
2555, 10
2558, 19
2559, 3
2560, 13
2561, 11
2563, 1
2565, 33
2566, 2
2567, 26
2568, 12
2570, 10
2571, 172
2572, 36
2573, 4
2574, 13
2575, 16
2577, 1
2579, 2
2580, 51
2581, 54
2582, 6
2583, 19
2585, 2
2587, 10
2589, 6
2590, 3
2593, 2
2594, 5
2596, 8
2597, 7
2598, 39
2599, 124
2600, 37
2605, 50
2606, 9
2607, 3
2609, 5
2610, 1
2611, 14
2612, 7
2613, 25
2614, 4
2615, 14
2616, 40
2617, 73
2618, 5
2620, 4
2621, 6
2622, 29
2624, 5
2625, 6
2626, 3
2627, 1
2628, 132
2629, 9
2630, 4
2632, 1
2633, 10
2634, 6
2635, 2
2637, 1
2638, 2
2639, 7
2640, 91
2641, 71
2642, 32
2643, 19
2644, 13
2645, 11
2646, 3
2647, 3
2648, 27
2649, 7
2650, 2
2651, 3
2652, 5
2654, 9
2655, 4
2656, 2
2657, 96
2658, 1
2659, 4
2660, 9
2661, 10
2662, 63
2663, 2
2664, 53
2665, 7
2666, 4
2667, 2
2668, 19
2669, 8
2670, 17
2671, 56
2672, 31
2673, 2
2674, 3
2675, 1
2676, 25
2677, 15
2678, 2
2681, 4
2682, 5
2683, 85
2685, 1
2686, 42
2687, 25
2688, 57
2689, 6
2690, 31
2691, 1
2692, 73
2693, 19
2694, 42
2695, 2
2696, 5
2697, 6
2699, 97
2700, 107
2701, 65
2702, 32
2704, 2
2706, 79
2707, 40
2708, 2
2709, 19
2710, 72
2712, 71
2713, 28
2714, 6
2715, 5
2716, 182
2717, 34
2718, 29
2719, 37
2720, 21
2721, 11
2722, 44
2723, 60
2724, 48
2725, 14
2726, 11
2727, 1
2728, 25
2729, 6
2730, 14
2731, 15
2732, 10
2733, 3
2734, 41
2735, 33
2736, 16
2737, 2
2738, 6
2739, 25
2740, 1
2741, 2
2743, 2
2745, 12
2746, 72
2747, 24
2748, 14
2749, 5
2750, 29
2751, 1
2752, 7
2753, 4
2755, 1
2756, 3
2757, 7
2758, 3
2759, 29
2760, 1
2761, 46
2762, 171
2763, 80
2764, 15
2766, 2
2767, 1
2768, 3
2769, 4
2770, 59
2771, 19
2772, 11
2774, 6
2775, 2
2776, 1
2778, 1
2779, 26
2780, 3
2781, 5
2782, 9
2784, 2
2786, 7
2787, 14
2788, 45
2789, 11
2790, 4
2791, 110
2792, 32
2793, 23
2794, 32
2795, 56
2796, 15
2797, 116
2798, 17
2799, 8
2800, 1
2801, 1
2802, 15
2803, 23
2804, 97
2805, 34
2806, 14
2807, 4
2808, 32
2809, 1
2810, 2
2812, 2
2813, 1
2814, 3
2815, 19
2816, 5
2817, 5
2818, 1
2819, 19
2820, 2
2822, 18
2823, 1
2826, 45
2827, 21
2828, 5
2829, 5
2830, 2
2833, 1
2834, 1
2835, 4
2836, 10
2837, 1
2839, 1
2840, 27
2841, 41
2844, 6
2846, 10
2847, 5
2848, 1
2849, 1
2850, 1
2851, 9
2852, 10
2853, 2
2854, 1
2855, 1
2856, 8
2857, 24
2858, 176
2859, 15
2860, 13
2861, 20
2862, 5
2863, 49
2864, 2
2865, 1
2866, 11
2867, 23
2868, 2
2870, 10
2871, 60
2872, 63
2873, 1
2874, 2
2875, 19
2876, 4
2877, 14
2878, 5
2879, 16
2880, 7
2881, 60
2882, 11
2883, 21
2885, 3
2888, 10
2889, 27
2890, 66
2891, 23
2893, 2
2894, 1
2896, 1
2897, 1
2898, 8
2899, 8
2900, 14
2901, 34
2902, 12
2903, 4
2904, 1
2905, 4
2906, 16
2907, 16
2908, 65
2912, 45
2913, 1
2914, 1
2915, 72
2916, 172
2917, 41
2918, 121
2919, 25
2920, 6
2921, 21
2922, 12
2924, 5
2925, 8
2926, 34
2927, 6
2928, 3
2929, 16
2932, 11
2933, 1
2935, 11
2936, 17
2937, 5
2938, 1
2939, 3
2940, 8
2941, 20
2942, 20
2943, 11
2944, 58
2945, 3
2946, 18
2947, 68
2948, 62
2949, 39
2950, 25
2951, 49
2952, 12
2953, 15
2956, 14
2959, 118
2961, 18
2963, 1
2964, 1
2965, 6
2966, 28
2967, 14
2968, 72
2969, 2
2970, 4
2971, 35
2972, 3
2973, 39
2974, 2
2975, 5
2976, 24
2977, 2
2978, 11
2981, 3
2982, 3
2983, 5
2984, 2
2985, 92
2986, 48
2987, 153
2988, 9
2989, 36
2990, 29
2991, 44
2992, 1
2993, 34
2995, 24
2996, 13
2997, 131
2999, 1
3000, 26
3001, 1
3002, 1
3003, 2
3004, 8
3005, 36
3006, 55
3007, 19
3008, 6
3010, 3
3011, 12
3013, 3
3014, 3
3015, 7
3016, 19
3017, 8
3018, 28
3019, 34
3020, 39
3022, 12
3024, 5
3025, 2
3028, 15
3029, 21
3030, 16
3031, 4
3032, 19
3033, 75
3034, 28
3035, 30
3036, 16
3037, 43
3038, 3
3039, 68
3040, 28
3041, 6
3042, 1
3043, 6
3044, 51
3045, 12
3046, 8
3047, 3
3048, 3
3049, 5
3051, 5
3052, 72
3053, 27
3054, 8
3055, 4
3056, 1
3060, 38
3061, 23
3062, 21
3063, 9
3064, 2
3065, 1
3066, 20
3067, 37
3068, 23
3069, 6
3070, 56
3071, 27
3072, 55
3073, 2
3074, 12
3075, 3
3076, 8
3077, 5
3078, 11
3079, 10
3081, 79
3082, 73
3083, 33
3086, 6
3087, 44
3088, 29
3089, 27
3090, 17
3091, 11
3092, 2
3093, 17
3094, 4
3095, 42
3096, 8
3097, 17
3098, 38
3099, 25
3100, 53
3101, 45
3102, 19
3103, 5
3104, 50
3105, 40
3106, 2
3107, 75
3108, 69
3109, 7
3110, 2
3111, 15
3112, 8
3113, 33
3114, 117
3115, 8
3117, 4
3118, 1
3120, 8
3121, 1
3122, 3
3125, 12
3127, 4
3128, 5
3129, 16
3130, 7
3132, 2
3133, 4
3134, 12
3135, 19
3137, 1
3138, 7
3139, 1
3141, 4
3142, 11
3143, 4
3144, 3
3145, 16
3146, 12
3147, 93
3148, 47
3150, 4
3152, 23
3153, 11
3155, 21
3156, 27
3157, 42
3158, 4
3159, 39
3160, 89
3162, 2
3163, 19
3165, 2
3166, 1
3167, 9
3168, 47
3169, 24
3171, 2
3173, 23
3174, 73
3175, 135
3176, 96
3177, 11
3178, 49
3179, 16
3180, 6
3181, 9
3182, 10
3183, 5
3185, 21
3186, 30
3188, 3
3189, 22
3190, 7
3194, 15
3196, 23
3197, 20
3198, 27
3199, 7
3200, 16
3201, 28
3203, 38
3204, 18
3206, 8
3208, 18
3210, 69
3211, 8
3213, 16
3214, 10
3215, 1
3217, 4
3218, 3
3219, 30
3221, 1
3222, 3
3223, 2
3224, 9
3225, 11
3230, 4
3235, 5
3238, 18
3240, 4
3241, 2
3243, 29
3244, 19
3246, 32
3247, 38
3248, 13
3249, 20
3250, 25
3251, 20
3252, 39
3253, 93
3254, 39
3255, 85
3256, 83
3257, 57
3258, 20
3259, 33
3260, 39
3261, 40
3262, 16
3263, 56
3264, 29
3265, 18
3266, 13
3267, 36
3268, 13
3269, 33
3270, 9
3271, 24
3272, 17
3273, 48
3274, 22
3275, 3
3276, 3
3283, 2
3284, 4
3285, 25
3286, 7
3287, 9
3289, 6
3293, 1
3294, 1
3296, 19
3298, 31
3299, 6
3300, 28
3301, 39
3302, 3
3304, 3
3306, 2
3307, 15
3308, 28
3310, 2
3311, 1
3313, 3
3316, 18
3317, 32
3320, 5
3322, 1
3324, 12
3325, 15
3326, 9
3327, 6
3328, 17
3329, 1
3330, 6
3331, 4
3334, 29
3335, 1
3338, 2
3339, 3
3340, 2
3341, 10
3342, 19
3343, 4
3344, 1
3347, 12
3349, 3
3350, 13
3351, 2
3354, 47
3355, 25
3357, 8
3358, 31
3359, 38
3360, 35
3361, 84
3362, 62
3363, 88
3364, 12
3365, 12
3366, 17
3367, 7
3368, 2
3370, 7
3371, 4
3372, 3
3375, 7
3379, 5
3384, 21
3385, 8
3386, 46
3387, 17
3388, 21
3389, 3
3390, 2
3391, 9
3392, 9
3393, 8
3394, 17
3395, 2
3396, 56
3397, 28
3398, 28
3399, 5
3400, 1
3401, 5
3402, 2
3403, 3
3404, 24
3405, 11
3406, 4
3407, 2
3408, 90
3409, 20
3412, 12
3413, 1
3414, 4
3416, 1
3417, 7
3418, 112
3420, 10
3421, 87
3422, 14
3423, 4
3424, 71
3425, 8
3426, 17
3427, 8
3428, 1
3429, 19
3430, 23
3431, 12
3432, 6
3433, 4
3434, 2
3435, 27
3436, 8
3437, 1
3438, 37
3439, 16
3440, 16
3441, 37
3442, 2
3444, 16
3445, 6
3446, 2
3447, 4
3448, 86
3449, 1
3450, 51
3451, 32
3452, 26
3453, 2
3454, 2
3456, 4
3457, 5
3459, 4
3461, 27
3462, 21
3463, 2
3464, 2
3465, 3
3466, 14
3467, 11
3468, 23
3469, 19
3470, 8
3471, 119
3473, 3
3474, 1
3475, 9
3476, 67
3477, 22
3478, 25
3479, 50
3480, 20
3481, 84
3483, 9
3484, 13
3487, 6
3488, 3
3489, 54
3490, 2
3491, 6
3494, 18
3496, 6
3497, 3
3498, 25
3499, 78
3500, 6
3501, 23
3502, 5
3503, 11
3504, 62
3505, 26
3506, 10
3507, 30
3508, 20
3509, 8
3510, 46
3511, 8
3512, 20
3513, 28
3514, 6
3515, 15
3516, 18
3517, 1
3518, 5
3519, 10
3520, 4
3521, 14
3523, 1
3524, 36
3525, 37
3526, 72
3527, 113
3528, 21
3529, 8
3531, 2
3532, 2
3533, 1
3534, 30
3535, 39
3536, 17
3537, 2
3538, 5
3539, 2
3540, 2
3543, 57
3544, 6
3545, 30
3546, 12
3547, 6
3548, 26
3549, 11
3550, 13
3551, 37
3552, 80
3553, 5
3554, 7
3555, 62
3556, 13
3557, 7
3559, 2
3562, 1
3563, 3
3564, 8
3565, 17
3566, 17
3567, 3
3568, 1
3570, 2
3571, 6
3572, 4
3574, 1
3576, 29
3577, 6
3578, 109
3579, 7
3581, 3
3584, 13
3586, 1
3587, 1
3588, 4
3590, 4
3591, 44
3592, 1
3593, 11
3594, 9
3596, 4
3598, 8
3599, 8
3600, 5
3604, 4
3605, 1
3606, 14
3608, 61
3610, 2
3611, 4
3612, 2
3613, 11
3614, 48
3615, 19
3616, 6
3617, 23
3618, 23
3619, 4
3620, 1
3622, 5
3623, 74
3624, 42
3626, 2
3627, 9
3628, 12
3629, 7
3632, 4
3633, 28
3634, 15
3635, 37
3636, 1
3637, 1
3638, 51
3639, 31
3640, 2
3641, 1
3643, 10
3644, 1
3645, 1
3646, 13
3649, 24
3651, 1
3653, 13
3654, 43
3655, 3
3658, 3
3659, 1
3660, 16
3661, 5
3662, 9
3663, 2
3664, 2
3665, 1
3667, 3
3668, 26
3669, 4
3670, 4
3671, 77
3672, 12
3673, 4
3674, 5
3675, 22
3676, 12
3677, 2
3678, 4
3679, 3
3680, 6
3681, 20
3682, 17
3683, 41
3684, 30
3685, 41
3686, 26
3687, 2
3688, 29
3689, 6
3690, 5
3691, 3
3692, 3
3693, 10
3694, 5
3695, 5
3696, 4
3697, 43
3698, 46
3699, 67
3700, 21
3701, 39
3702, 84
3703, 78
3704, 61
3705, 26
3706, 45
3707, 20
3708, 17
3709, 9
3710, 16
3712, 27
3713, 5
3714, 2
3715, 4
3716, 4
3717, 33
3718, 5
3719, 5
3720, 4
3721, 1
3723, 24
3724, 16
3725, 6
3726, 5
3727, 9
3728, 8
3729, 13
3730, 36
3731, 5
3732, 4
3733, 19
3734, 3
3735, 44
3736, 3
3737, 7
3738, 5
3739, 1
3740, 50
3741, 12
3742, 12
3743, 1
3744, 23
3745, 27
3746, 3
3747, 15
3748, 1
3749, 3
3751, 80
3752, 38
3753, 65
3754, 10
3755, 65
3757, 4
3758, 7
3760, 23
3761, 1
3763, 60
3764, 20
3765, 3
3766, 11
3767, 5
3768, 4
3769, 17
3770, 28
3771, 13
3773, 15
3775, 2
3776, 3
3777, 2
3778, 1
3780, 5
3781, 2
3782, 1
3783, 16
3784, 12
3785, 27
3786, 7
3787, 5
3788, 9
3789, 12
3790, 3
3791, 23
3792, 1
3793, 87
3794, 2
3795, 3
3796, 1
3797, 1
3798, 21
3799, 4
3801, 8
3802, 17
3804, 1
3805, 2
3806, 3
3807, 8
3808, 2
3809, 69
3810, 4
3811, 21
3812, 20
3813, 5
3814, 13
3816, 2
3818, 1
3819, 22
3820, 4
3821, 12
3822, 6
3823, 6
3824, 9
3825, 7
3826, 18
3827, 35
3828, 1
3831, 7
3832, 3
3833, 3
3834, 13
3835, 11
3836, 30
3837, 6
3838, 2
3839, 2
3840, 10
3841, 19
3843, 1
3844, 34
3846, 7
3847, 3
3849, 2
3850, 1
3852, 15
3854, 1
3855, 2
3857, 2
3858, 2
3859, 5
3861, 11
3862, 1
3863, 21
3864, 11
3865, 7
3867, 1
3868, 51
3869, 39
3870, 4
3871, 19
3872, 5
3873, 24
3874, 2
3876, 1
3877, 16
3879, 5
3882, 10
3884, 3
3885, 3
3886, 2
3889, 10
3892, 2
3893, 10
3894, 1
3895, 3
3896, 3
3897, 48
3898, 1
3899, 1
3901, 3
3903, 5
3906, 2
3908, 7
3909, 4
3910, 9
3911, 24
3912, 1
3913, 1
3914, 3
3915, 5
3916, 16
3917, 20
3918, 12
3919, 7
3920, 3
3921, 1
3922, 1
3923, 3
3924, 2
3925, 6
3926, 9
3927, 27
3928, 11
3929, 5
3930, 19
3931, 1
3932, 11
3933, 2
3935, 2
3936, 5
3937, 11
3938, 1
3939, 1
3941, 2
3942, 1
3943, 5
3945, 2
3946, 7
3947, 4
3948, 36
3949, 14
3950, 1
3951, 1
3952, 19
